1 0.8335489025853137 0.11751151683288205 0.09017304411692241 0.10991178532756418
1 0.6902823005312578 0.10374050009872593 0.09003318770503418 0.09789255455833341
1 0.5493636020662931 0.08504983012286847 0.08760137026881054 0.09537674747047824
1 0.4228539948832163 0.06448547146603388 0.09738458257846087 0.11024766812959122
1 0.3361485477158031 0.1575143532496705 0.07326220719286648 0.10191652032796264
1 0.4661100820765723 0.16468961665933773 0.09967654360279656 0.10074424444821564
1 0.6251135692601385 0.1873482719378199 0.0997045148851743 0.10314809060206173
1 0.7492193302893692 0.2080245915286635 0.09006115898741193 0.10029640071217957
1 0.7323233210718161 0.30622006776450034 0.08050171693678256 0.10465624928383586
1 0.599860041068879 0.2907433037503806 0.07826569847720212 0.11896736527290376
1 0.4565235108088793 0.27096267163160903 0.07558213949957991 0.09481694280043321
1 0.3240602308059424 0.2554859076174893 0.08047374565440493 0.1022524031299897
0 0.7524648411104855 0.5902921104572064 0.08268179283160802 0.08553744098707565
0 0.6198617046956607 0.562796115673856 0.08528143796209739 0.10247632499800775
0 0.4788451067423741 0.535691984159537 0.08279367796111838 0.09515282560246027
0 0.3559272831488778 0.5137577610247658 0.07555416821720229 0.09241309664658705
0 0.3390033026489471 0.6095493911067564 0.08525346667971963 0.1000724788441616
0 0.46305312111342256 0.6254180183899078 0.09246500514125809 0.10040836164618838
0 0.6100933200925133 0.6534441706461274 0.07577793847622297 0.11164386587735628
0 0.7402366677887369 0.6762444340557945 0.07801395693580368 0.09733274988828838
0 0.6484438154898553 0.7454587761689877 0.10205241847426522 0.0984523592283783
0 0.5255959201023029 0.7295341684188318 0.06834262975566383 0.09207721384456
0 0.3918468031753101 0.7069018464101782 0.07566605334671277 0.10202848126197167
0 0.2581396431718837 0.6878752936322936 0.07085836103902032 0.10180455939395362