1 0.1538613566763146 0.7741270057060026 0.10018521379100317 0.08196228646952318
1 0.14630254235664517 0.6298962364752333 0.0881659830217724 0.08133238527621736
1 0.13406201596794462 0.4883212738756325 0.08576213686792625 0.0812064050375562
1 0.11764369846485755 0.3590175025225849 0.10056315450698664 0.08917382493106164
1 0.21476283964723072 0.2804090248065086 0.09449565981268279 0.06488340291527778
1 0.21675808022724088 0.4104686775915232 0.088669903976417 0.09094776989160198
1 0.2324102946790768 0.571148429183232 0.09107375013026314 0.09107375013026314
1 0.2486396418241722 0.6968464313055105 0.09056982917561857 0.08145836551487853
1 0.3470083637738728 0.6880754722896338 0.09487360052866614 0.07209494137681624
1 0.3363477011780788 0.553649058032241 0.11144856312826704 0.06816911073975208
1 0.3227162813544634 0.40853131632120154 0.0874101015898055 0.06690930835314045
1 0.31332053195492304 0.27524383502140115 0.09246975437482013 0.07196896113815508
0 0.6300169763054869 0.7298891591009937 0.07589479177521924 0.07589479177521924
0 0.6072740928211315 0.5948907229599836 0.09272171485214245 0.07677665344584739
0 0.5864941246553083 0.45135284504185064 0.085510176390604 0.0763987127298639
0 0.5691258445526205 0.32691975611582585 0.08513223567462037 0.06918717426832544
0 0.6650277302291443 0.3170728542616873 0.09031786869829617 0.07665067320718623
0 0.6763863949472166 0.44182089378436495 0.09069580941427965 0.08386221166872468
0 0.6986832367866159 0.5913053969677826 0.10411104442806728 0.06538732386992244
0 0.7152275345283642 0.7230130144746766 0.08993992798231268 0.06943913474564777
0 0.7890692064138848 0.6371878874874196 0.08651801829989317 0.09562948196063313
0 0.7777105416958124 0.512439847964742 0.08475429495863715 0.06197563580678697
0 0.7609772735960725 0.37712646122707894 0.09462164005134409 0.06728724906912394
0 0.7466478516501787 0.2416870942507547 0.09436967957402177 0.062479556761431625