1 0.8457079897664326 0.1879077300067315 0.10680416821720229 0.09140411386453
1 0.8678049733755925 0.33141215235293875 0.09478493744797152 0.0911243631631411
1 0.8946816780100671 0.47262462882585543 0.09235312001174761 0.08866456686901714
1 0.9225924780271992 0.5994420034458341 0.106888082064335 0.09861565232606846
1 0.8346711221416742 0.6851122328709409 0.09939683077902063 0.0744093403667735
1 0.8199395190471294 0.5549968147917208 0.09730066873132816 0.10079569791880352
1 0.7880453374871303 0.39564359188440235 0.0997045148851743 0.10085164805908133
1 0.760162508752376 0.27123006341826983 0.09718878360181768 0.0911803133034189
1 0.6630165241394389 0.2869929288908659 0.1018845907799995 0.08167682896858977
1 0.6861895600548226 0.4197080186149045 0.11627969642069867 0.07960868365641033
1 0.714296159048598 0.5633523163118062 0.09221326359985965 0.07664533609978637
1 0.7374691949639818 0.6960674060358445 0.09948074462615335 0.08162087882831223
0 0.3779649559320264 0.26353591419102596 0.0826817928316079 0.08363307400021373
0 0.41315722261664095 0.39653075461645326 0.0995366871909086 0.08642857113600427
0 0.44844738878957713 0.5379390565803422 0.0922971774469925 0.08385687456132483
0 0.4775181549600659 0.6611786370396905 0.08980941744601349 0.07658938595950869
0 0.38277601650097487 0.6769974526525644 0.09713284103706243 0.0863726209957266
0 0.35970088007391265 0.5526958244669875 0.09721675488419529 0.09358415945726506
0 0.3231388626181094 0.4052499320483443 0.10904018667678272 0.07703698708173089
0 0.2927822595235648 0.2747708380573186 0.09464508103608342 0.07910513239391033
0 0.2289553077412565 0.3658082611928955 0.09492479385985948 0.10314359393237187
0 0.25201645852712984 0.4889079663015494 0.08972550359888071 0.06937784749797024
0 0.2824150185452409 0.6229928295233442 0.09942480206139812 0.07681318652061965
0 0.30920780933258274 0.7569937675347226 0.09936885949664287 0.07200549421292762