0 0.34143382564359703 0.623846193415849 0.07969323411833579 0.08515580530033354
0 0.25489536410513547 0.6304036859171857 0.10141179366038326 0.08919902457951369
0 0.18464962628732018 0.7196385732472852 0.0935287019393881 0.0694217976402997
0 0.16982592532173546 0.5948938707262148 0.09816850593221624 0.06497841047157056
0 0.24661164834163252 0.5243432949184398 0.08673688426501008 0.08089457070108598
0 0.3288880545957103 0.5025251075560663 0.08631716347784965 0.06887533993185521
0 0.3152243046283326 0.37889125182717803 0.08665294010757799 0.07849072454723983
0 0.22851795477500697 0.390256436636207 0.07969323411833579 0.08515580530033354
0 0.17016553149027425 0.48218633034966796 0.08897284210399206 0.07626903096287527
0 0.14585236214545305 0.3545644688757545 0.08665294010757796 0.07849072454723983
0 0.21095463102584772 0.27530927130000277 0.0887210096316958 0.06905749250133673
0 0.2979128133514697 0.2567325480294353 0.07181014239734064 0.06537857836111954
1 0.538408077766391 0.269676214796537 0.10322803071220481 0.07255425407207233
1 0.5583752476693964 0.38444122756325966 0.1108592899609037 0.08511994254974785
1 0.5755608227101112 0.5102057005917716 0.09369659025425228 0.07422948994799228
1 0.5783233208277492 0.637063089037173 0.08167735948502151 0.07331872710058435
1 0.6723671253787615 0.6215456772889301 0.08863706547426357 0.06665364634749064
1 0.7505226597904457 0.5460963328887221 0.10322803071220495 0.07255425407207233
1 0.7285713645207548 0.4194942419222501 0.10613554181064334 0.08715948356463084
1 0.6648808791108632 0.4926487478286457 0.09129274410040612 0.07404733737851069
1 0.6513010733009177 0.36661104594591126 0.09154457657270225 0.08125887584004915
1 0.7197153068610693 0.2954960810543988 0.08673688426500994 0.08089457070108591
1 0.6326617427109835 0.24814918766367858 0.09196429735986282 0.09327810660927979
1 0.7142131859598569 0.17843622979386353 0.09188035320243088 0.09087426045543363