0 0.2995428182528437 0.6083923101920816 0.08108042479889505 0.08066962037909366
0 0.21647903489684814 0.5894281930586385 0.10284102042217166 0.08345110014917513
0 0.12774102999145845 0.6558215940320801 0.09462164005134392 0.06409445304632765
0 0.1464372134097305 0.5282079514247697 0.09917737188171394 0.05937067932002084
0 0.23650823244034652 0.4822052834683276 0.08804000278311125 0.07598780594347988
0 0.3192519543900471 0.4843634571701942 0.0874101015898055 0.06396857517424911
0 0.3390240806465811 0.35913268107138363 0.08791402254445001 0.07358395978963372
0 0.25450641373634014 0.3449972358909791 0.08108042479889505 0.08066962037909366
0 0.1750688428496822 0.41723241508626485 0.09019188845963508 0.07122207292648032
0 0.1868684384030687 0.2837350349664176 0.08791402254445008 0.07358395978963372
0 0.26795397401160587 0.22588097340351598 0.08981394774365165 0.06401053446494193
0 0.3539885145954228 0.23398582355395872 0.07286104442806741 0.06131297327624589
1 0.5765536974227522 0.3177610551988708 0.1043630049053896 0.06666613636294508
1 0.565446993182002 0.4380372814725642 0.11220444456023387 0.07881124500425439
1 0.5491546559175761 0.5656089647891817 0.09487360052866614 0.06890214535401995
1 0.5185022318494037 0.6922304807730331 0.08285436975943537 0.06869234890055563
1 0.6102944273405138 0.705038125004436 0.08968796750499049 0.06160668831109571
1 0.7042231760792212 0.6541648258042623 0.1043630049053896 0.06666613636294508
1 0.7158967913939467 0.5230712918382612 0.10752273249120273 0.08113117257671476
1 0.6362651393396549 0.5760966814481241 0.09246975437482 0.06886018606332706
1 0.6562262359541807 0.44726013611854426 0.09284769509080348 0.07607172452486538
1 0.7404766099581729 0.39775659715806494 0.08804000278311118 0.07598780594347988
1 0.6710016995450305 0.3257190478318886 0.0934775962841093 0.08809095529409629
1 0.7658174207640083 0.28083438437098385 0.09335161604544814 0.08568710914025014