0 0.6426808196687751 0.3160532273299265 0.07737060229315035 0.08140333595922956
0 0.7292332663750514 0.31341678206810103 0.0966153566917345 0.08492724687211374
0 0.7996782247917174 0.2287576971153017 0.09169578304152391 0.06541646145158503
0 0.814835523025071 0.3541195716229462 0.09647550501358637 0.060888785333652336
0 0.7382760604651788 0.42109983065909873 0.08215032426521308 0.07687565984129673
0 0.656622209657391 0.4390812597311647 0.08448424457998545 0.06499643716694568
0 0.6705705922299143 0.563311215209326 0.08213633909739844 0.07447181368745057
0 0.7570950686005609 0.5558670776398082 0.07737060229315063 0.08140333595922956
0 0.8154928259123664 0.4671003408537154 0.08452620008342968 0.07220797562848415
0 0.8402934790967345 0.5967098752895331 0.08213633909739844 0.07447181368745057
0 0.7758091879773321 0.6726054784666715 0.08690207590164625 0.06754029141567158
0 0.6893196745262224 0.6860592314208046 0.0700471824890936 0.06175254244382099
1 0.44750937337964725 0.6616685064946828 0.10131116765690826 0.06597649383110411
1 0.4275933309259529 0.5450001097152595 0.10620277097148942 0.0806795869439405
1 0.4088232708779226 0.4186463242730115 0.0893199072233072 0.0700841456643976
1 0.4056712182459848 0.2901805631371221 0.07731466162189121 0.07178795134384494
1 0.31194918858161436 0.30044857114512535 0.08687410556601668 0.06273259910797933
1 0.2342157732804287 0.3723065265364101 0.10131116765690838 0.06597649383110411
1 0.25660558772704306 0.5008541459901845 0.10139507866379717 0.08039957075418104
1 0.3211248417659823 0.4309681581976615 0.08691606106946104 0.06994413756951773
1 0.33508720950632037 0.557601959829669 0.08695801657290539 0.07715567603105619
1 0.26695519365270454 0.6264960366875886 0.08215032426521308 0.07687565984129673
1 0.35382230663481373 0.6779461298873014 0.08702794241197946 0.08917490680028696
1 0.2724481591833218 0.7440044820362904 0.08701395724416468 0.08677106064644081