0 0.34269298572684914 0.6497857817547698 0.09758038155510408 0.12763536339260012
0 0.3619665539464989 0.7577017873908823 0.09271674668265653 0.12257571060758547
0 0.3007532329358688 0.8650032242626153 0.09271674668265667 0.12257571060758547
0 0.45423576011111383 0.8418159595369293 0.09260486155314605 0.11296032599220086
0 0.49370258060761796 0.7237653159018613 0.10468003488713205 0.11839791949319899
0 0.4841562821328634 0.625968615835778 0.08290556309062871 0.10524486657601774
0 0.6257314636683879 0.6117668345321708 0.0972726974489504 0.10119305570029241
0 0.660462204193772 0.7060786347965041 0.08765731283356579 0.10068913474564777
0 0.6039726616437014 0.8064204936840209 0.09271674668265667 0.12257571060758547
0 0.7455058862556597 0.7886129431496445 0.09752443899034884 0.1228276710849078
0 0.8044132606007651 0.689598987577712 0.08544926565636282 0.11739007758390968
0 0.7899753559711855 0.5843387885727679 0.0973286400137059 0.10600074800798473
1 0.6593687979851033 0.30242145130834197 0.09042478565832085 0.132065114984309
1 0.514215818501187 0.31883810840780347 0.10971149745384533 0.13788064920129053
1 0.34284430158398393 0.35309975211276157 0.09299645950643273 0.14661417214604702
1 0.1976773364588789 0.36831448613530005 0.1121433148900691 0.14041047559379785
1 0.15903314259657192 0.24737140782066752 0.10258387283943972 0.1447142469468455
1 0.31606549643783094 0.21956542114528094 0.10948772719482437 0.11864987997052132
1 0.48518700925426467 0.19839895104781555 0.1094877271948245 0.11864987997052132
1 0.6362517046344747 0.17388378300654536 0.10957164104195737 0.12586141843205978
1 0.6855996369289508 0.07917359878766043 0.11158388924251685 0.09233355251687475
1 0.5307473589825171 0.0878747964709389 0.10708388104097821 0.11852389973186014
1 0.3723312687288806 0.09999279302699485 0.11219925745482434 0.14521816790149014
1 0.2116372030920972 0.12280211703669737 0.1191590543749643 0.1239614932328582