0 0.6589246734719956 0.6315732187295673 0.08816393494135556 0.11783268266429822
0 0.6503394940798596 0.7396064060938052 0.08318835431879908 0.11288510079776679
0 0.7212910981582266 0.8439381557942714 0.0831883543187988 0.11288510079776706
0 0.5655027910241031 0.8261705912858497 0.08525642384291689 0.10333966096180174
0 0.5141597048849497 0.7115810921284317 0.0973595987695796 0.10609323101274544
0 0.5139956461088958 0.6129184826516101 0.0754731509126681 0.09825218953643144
0 0.3698907931142748 0.6051160266556702 0.08956045120601666 0.0890564735975638
0 0.346100334509299 0.7006753421844506 0.08002901074806414 0.09118054063373211
0 0.41129415567534705 0.7976206914748296 0.08318835431879908 0.11288510079776706
0 0.26731521891687404 0.7862124662481207 0.08799604662649138 0.11302499035660592
0 0.1997175515969799 0.689197172178322 0.07821277369624259 0.10793751893123563
0 0.20341109452399173 0.5834279414090913 0.08972833952088084 0.09386416590525612
1 0.3060324703389189 0.29765927695520394 0.07880038279826714 0.1247644420081587
1 0.4536591484068771 0.30797049627411915 0.0980311520290363 0.12532400024351467
1 0.6283424481420415 0.3359130036332818 0.08170789389670574 0.13925746371065506
1 0.776053070367432 0.34382037679835087 0.10051894234031468 0.1277977911767804
1 0.8019688377810836 0.22185372596697261 0.09115539019722618 0.13472955052064078
1 0.6426587055736229 0.20157739813557524 0.10225123523470413 0.10863696672543065
1 0.47111948220335137 0.1869609617916957 0.10216729107727204 0.1062331205715845
1 0.3165330981461509 0.16922836967298346 0.10001527739572215 0.11337471425370346
1 0.25532279491931653 0.06157062985942596 0.10473902554598237 0.11111075765869632
1 0.41475884336292534 0.07824118846005411 0.09976344492342576 0.106163175792165
1 0.5733287453593394 0.08526139005558789 0.103090676809025 0.1326754282638922
1 0.7376144581893567 0.10086991513813198 0.1119505640075207 0.11132059199695486