0 0.712047432564404 0.4423076923076923 0.1007395754237196 0.125
0 0.7342606649577272 0.33774038461538464 0.0934021590901026 0.11778846153846154
0 0.8338585264717489 0.25961538461538464 0.0934021590901026 0.11778846153846154
0 0.6794669018465882 0.2283653846153846 0.09568012737187022 0.11057692307692307
0 0.59576677572207 0.32211538461538464 0.10778327672248664 0.11538461538461539
0 0.5685570342129367 0.41586538461538464 0.08353501873056092 0.10336538461538461
0 0.42730264485254416 0.3798076923076923 0.0978322177815593 0.09615384615384616
0 0.4315919293187535 0.28125 0.09062067932002084 0.09615384615384616
0 0.5240831505979686 0.2091346153846154 0.0934021590901026 0.11778846153846154
0 0.38289170017361535 0.17668269230769232 0.09825181068848766 0.1201923076923077
0 0.2891775761721308 0.24759615384615385 0.08851054820102458 0.11298076923076923
0 0.2621146921804222 0.34975961538461536 0.10031998251679124 0.10096153846153846
1 0.27581502434618044 0.6526442307692307 0.0936119555435667 0.12980769230769232
1 0.42065420329199577 0.6875 0.1104808379111826 0.13221153846153846
1 0.595394601643463 0.7139423076923077 0.09626755744156987 0.14423076923076922
1 0.7402757398799712 0.7512019230769231 0.11537244880026083 0.13701923076923078
1 0.7292154895044981 0.875 0.10339517732172254 0.13942307692307693
1 0.5700581318623379 0.8461538461538461 0.11259096903017894 0.11538461538461539
1 0.40231947551894504 0.8076923076923077 0.11014516358563989 0.11298076923076923
1 0.2491507536160538 0.7776442307692307 0.11031300074841131 0.12259615384615384
1 0.16049607766641852 0.8629807692307693 0.11271684690225747 0.12259615384615384
1 0.31608962536850227 0.8942307692307693 0.11018712287633278 0.11538461538461539
1 0.4694052047888183 0.9326923076923077 0.1153304895095678 0.1346153846153846
1 0.6320424537896692 0.9543269230769231 0.12178676073863534 0.09134615384615384