0 0.7873360023632259 0.5439477906649699 0.08044873153522457 0.10185661949762188
0 0.656913996080635 0.5622991486314726 0.07273352812909359 0.0873496287274121
0 0.5252480946424053 0.5794625691622409 0.08019689906292818 0.09464508103608356
0 0.39379205359775554 0.6026356050776247 0.07530526259780392 0.09218529231748217
0 0.41264890365889084 0.6950018686652472 0.0857600887875094 0.11633563898545418
0 0.36552590072540503 0.791743111749023 0.07340508138855029 0.10658039795818133
0 0.4933761725392855 0.7686120327572058 0.08749238168189886 0.09713284103706216
0 0.5319178256194456 0.667160996854059 0.07530526259780392 0.09218529231748217
0 0.6743590626712671 0.6486697824756683 0.08724054920960246 0.08992130257552397
0 0.6294300454980473 0.7393734388924513 0.09246796230445534 0.10199647590950998
0 0.7597681076232059 0.7186182347721025 0.092132185674727 0.09238109129412536
0 0.8044872644028456 0.6219049629707042 0.0827686335316385 0.09948074462615335
1 0.6750305649813241 0.2891409404225916 0.08525642384291661 0.10191256206237712
1 0.5436584680941066 0.3147178224918215 0.10705892754239645 0.10697199591146787
1 0.40494891650920234 0.33677284917741507 0.08011295490549622 0.09224123488223726
1 0.2667010577901746 0.3720490297091624 0.07888432695569922 0.1258671097537058
1 0.24974438893829293 0.2652317179160854 0.09305557140647995 0.11882339898643306
1 0.2885378744907493 0.17099222047447726 0.08998017199317711 0.0995646584732862
1 0.42227184545309704 0.14418544404594666 0.08626375373210192 0.13075871590853097
1 0.5679830751059595 0.11603688812860492 0.09297162724904787 0.11641955283258684
1 0.5160523798647814 0.21283407377713603 0.07838066201110677 0.11144403283062888
1 0.6557539941330285 0.18475544606573832 0.0874084375244669 0.09472899488321627
1 0.6982371930736861 0.09287783785440994 0.07564103922753226 0.10180067693286668