0 0.3546011734318836 0.7158894902251292 0.10431640821622327 0.08473839474580803
0 0.38917638777356267 0.5874364723799903 0.08980941744601349 0.07710718760775247
0 0.4249535251921649 0.4589484821451417 0.09707689847230719 0.08212471425370346
0 0.45589499902069713 0.3281965353152861 0.0946171097537058 0.0772470771665916
0 0.3642971036331449 0.30921982154861205 0.11879542770405543 0.08996575573001746
0 0.29359258464720134 0.22591168169023934 0.1090401866767828 0.0776667458431087
0 0.2650269856901376 0.3541898375868294 0.0995646584732862 0.08940619749466149
0 0.3428591292904868 0.4300766046454051 0.0946171097537058 0.0772470771665916
0 0.30361607905300336 0.5706887428186137 0.09235312001174775 0.0891963631564028
0 0.23897711801643046 0.4920134333193845 0.1044562646281113 0.09675762551503894
0 0.2068057498285975 0.6203965063851039 0.0948408800127267 0.09647784639736082
0 0.2774822975321634 0.7013008000896304 0.10194053334475474 0.0870722961202349
1 0.6310994236889464 0.7126535328995778 0.10437235078097838 0.08954608705350034
1 0.6596230657224438 0.5807696077722185 0.10943178463006913 0.11132059199695486
1 0.6941003805758014 0.44390312838861823 0.09470102360083879 0.08445861562813005
1 0.7152866133770609 0.3014117299072098 0.1283268984723072 0.08303399638615712
1 0.8190016390221656 0.3284521813152478 0.12128318770503418 0.09724723897097548
1 0.8895802872374099 0.40094301348131284 0.10199647590950998 0.09187998842792708
1 0.8610986021274791 0.5364327078394413 0.13324647590950997 0.09278927056038072
1 0.8303389416344013 0.6828096546692971 0.11887934155118803 0.09717729419155592
1 0.7631842493144716 0.5945889053341027 0.11149997539538412 0.08254438293022058
1 0.7347864780516736 0.7372901381537696 0.09721675488419515 0.09414394502293423
1 0.8017873283185264 0.8122897336428101 0.10185661949762174 0.07986075765869644