0 0.7452167414441119 0.38860343163104716 0.08344079052332987 0.10465624928383586
0 0.6178843121372305 0.41386352166156504 0.07564155671230484 0.08989728955873187
0 0.49180278051972937 0.44038151523601055 0.08074309669474043 0.09733274988828838
0 0.36071765814470713 0.46186789463474565 0.0758374551621337 0.09470498186642419
0 0.3389667414441119 0.3696820337835242 0.08883617818050901 0.11930324807493083
0 0.25309557238898617 0.29370399694482874 0.07402130435777418 0.10901609785549209
0 0.38062390014569647 0.27325159922200315 0.08805258438119332 0.10007247884416152
0 0.45957737841402707 0.3561052917202101 0.0758374551621337 0.09470498186642419
0 0.5987331400403104 0.32659731405204495 0.09016258286029619 0.09297290131663215
0 0.517914536355163 0.25685281446598285 0.09305617513871448 0.10510409301987195
0 0.6453449148869589 0.2339965705893111 0.09506822439290293 0.09560066933849629
0 0.7288122377882384 0.30986264649399753 0.08574668745226159 0.10236436406399872
1 0.751673210001581 0.6648218174553369 0.0883464320559366 0.10728401730570006
1 0.6204411637891872 0.6827024276233028 0.11007899666546642 0.11069551186562712
1 0.48474424755630147 0.7087725774617122 0.08314694284858658 0.0974447108222974
1 0.34365194366623675 0.7201957285090266 0.08201643661862826 0.12858274988828838
1 0.374355042642323 0.8259946064754333 0.09614566586696191 0.12204297703080377
1 0.449408904005141 0.9014688191110883 0.0905543797599539 0.10258828593201649
1 0.582995821758924 0.8824982468002085 0.08942387352999558 0.13372632499800774
1 0.7285040210570232 0.8616836330055274 0.09604771664204748 0.11963913087695789
1 0.6391250319960426 0.7879415009196644 0.0814287412691417 0.11415967296521146
1 0.779923488211364 0.7693068114108116 0.09035848131012504 0.09778059362432419
1 0.8572342718906565 0.8412872157497062 0.07863309821563783 0.10443232741581782