0 0.3004813929853182 0.5071859690092889 0.11457522227709681 0.10056869324434335
0 0.2689708241801696 0.6574755088683436 0.11453326298640398 0.09816484709049707
0 0.16109146229194252 0.6318184948782604 0.12912417707225218 0.10895757716096974
0 0.061105165461737866 0.6967962722636947 0.12221033092347573 0.10895757716097001
0 0.06549798327027216 0.5229098745948778 0.11727278346579278 0.11759184056378111
0 0.18277685002824234 0.49276328881837783 0.12920809565363783 0.11376526946866204
0 0.09932847964788126 0.3776242512860301 0.11478501873056095 0.11258792401357412
0 0.21129005931766776 0.3073236433647818 0.12448432192733125 0.11818051329132508
0 0.3226073532738927 0.34289037833402164 0.12933397352571638 0.1209768079302005
0 0.32664152847258193 0.1807288750706636 0.10993536713217586 0.10979162937469862
0 0.22595272540054684 0.15686245688504746 0.1099773264228686 0.11219547552854478
0 0.11894569555587758 0.21914205175286353 0.13177977897025533 0.1235768783265614
1 0.6358206612156708 0.32753414524554414 0.12182872002932808 0.10356121212573353
1 0.6102777485044448 0.4807180918647317 0.1001941046447127 0.10179519394310159
1 0.5832601773267924 0.6494289263626618 0.1338899100892516 0.10694617949215293
1 0.5577172646155663 0.8026128729818495 0.1216608828665568 0.09394582751034893
1 0.6919550156147154 0.8352360459472864 0.1313601860633272 0.09953841678809994
1 0.7007968831210969 0.6734669911689577 0.12899829920017353 0.10174603869943127
1 0.7264866533497478 0.5118695830113086 0.11246509115810054 0.11719939207875175
1 0.7522183828690916 0.34786832869981327 0.11959271103825322 0.11298037249860347
1 0.869811944307258 0.2996928967694671 0.1244843219273313 0.11818051329132508
1 0.8418022465061465 0.45628638837690916 0.12697208666256296 0.12318442984153212
1 0.823219116512302 0.6244820846467177 0.13882348026902244 0.11455016643872075
1 0.7974664073476118 0.789685262035136 0.12891438061878802 0.09693834639173897