0 0.4911376808169465 0.6856112009898531 0.10541808895680085 0.11836185341886818
0 0.33858716263604577 0.7261487355167394 0.10301424280295471 0.11834786825105353
0 0.3575971870292807 0.8329730451008378 0.11332966789273814 0.13042303969154345
0 0.28313722761227517 0.9355350839220211 0.11545349785682482 0.12562933255166578
0 0.45931803731744325 0.9224949359023101 0.11998117397475766 0.12084961057960332
0 0.49749843801399174 0.8033227441053332 0.11827736829531031 0.1328548561810189
0 0.6059289441611686 0.8807904412180378 0.11503347357218548 0.11841779409012733
0 0.684834721378222 0.7637843477220555 0.12040119825939673 0.1280611490411418
0 0.6575512435414053 0.6546051400714625 0.1254889067568488 0.13289681168446338
0 0.8193789803709361 0.6404469799817173 0.11234961122857985 0.11359611661462037
0 0.8364051828949642 0.7400737362720922 0.11475345738242601 0.11361010178243501
0 0.7662628874535719 0.8510212662961074 0.12803276100557454 0.13531464300612447
1 0.693851146077061 0.34079832823592854 0.10824195939528636 0.12558737704822143
1 0.5393168060269533 0.3741383094690912 0.1045780403875223 0.10393877649579125
1 0.3689474538345261 0.4111749635238192 0.11120583792865159 0.13521674683142082
1 0.2131411866600555 0.44572386041781237 0.10089041283886815 0.12314157539093092
1 0.19086355900280566 0.3124852134770358 0.1038542913722334 0.13277094517413032
1 0.35290130797465635 0.2947212841565214 0.10625813752607954 0.1327849303419451
1 0.5159191136106654 0.26013043175908385 0.11970115778499818 0.11604191827191081
1 0.6814107694479604 0.22432367111690843 0.11771733591579138 0.12323947156563449
1 0.7388919434227181 0.10383767490049002 0.12040119825939673 0.12806114904114158
1 0.5793398989225985 0.14081139570005147 0.1253488986619689 0.13049296553061734
1 0.41066249813917355 0.1694275956324106 0.11883740067482926 0.14247024079640372
1 0.24403892327239524 0.20403942578157033 0.1013104371235075 0.13035311385246937