0 0.45312289398573474 0.6643247468959893 0.09091439435487067 0.117642038061232
0 0.2983265728068148 0.6580273953665569 0.08846858891033176 0.11511221166872468
0 0.2832172508794836 0.7668933636022702 0.09833572926987337 0.13003920954644627
0 0.18207297890200477 0.8514484665836313 0.10073957542371953 0.13016518978510744
0 0.3508098451610341 0.8846341674503274 0.10769935814110099 0.11612005357801372
0 0.4234646172632481 0.7811581350252079 0.10314342157756574 0.13029117002376858
0 0.500861412968301 0.8875777102263128 0.10289166583340868 0.11586809310069139
0 0.6093011419887039 0.7978369742212761 0.10546334915002611 0.12560945795473744
0 0.6173248033265751 0.6821374082400078 0.10790915459456503 0.12813928434724475
0 0.7727985564487578 0.7184198465731864 0.10040390109817675 0.11093442055433819
0 0.7578151123935051 0.8200742763473612 0.1028077472520229 0.11106040079299936
0 0.6590746865698723 0.9045033990900612 0.11267488761156458 0.12598739867072092
1 0.7473599182097149 0.3871248973680891 0.0910402722269492 0.12485357652277046
1 0.5926684952575271 0.3748179304540414 0.093024525473867 0.1009410952229701
1 0.42121308816445524 0.35978705597985255 0.09601580169741279 0.1347209216154774
1 0.26774456793453694 0.3462151758695512 0.08378677447471791 0.12207178965294083
1 0.2857192882133355 0.2107809197028691 0.08876230394518157 0.13193913474564775
1 0.4437017857160963 0.2409277624127712 0.09112419080833498 0.12966126883046278
1 0.6055418081937834 0.25646255784160465 0.10761543955971534 0.11131236127032168
1 0.7710085795475862 0.2706064598355233 0.10297558441479446 0.12067578540838397
1 0.8604273357906839 0.16985433497054492 0.10546334915002611 0.12560945795473744
1 0.7009072408854574 0.1590012516107426 0.11031300074841119 0.12826526458590592
1 0.5343854039721564 0.13650687819769303 0.10090741258649089 0.13978057440049205
1 0.3689396122637002 0.12116105312685128 0.08631649850064253 0.12940930835314052