1 0.3892443353959409 0.8959946289262712 0.10163495002297022 0.1391033636771248
1 0.2918306061467955 0.7835857128883658 0.10141114946185913 0.1294879790617402
1 0.2769299431532591 0.6589471694755833 0.08911216799123946 0.11662828180280371
1 0.45090106353557746 0.6579127797301614 0.1184059229596155 0.1378761706088666
1 0.4573043397802357 0.7783572273693807 0.10409474631709405 0.14167530312891222
1 0.5532084201809302 0.8774609429121618 0.10577124064732911 0.11059339642685319
1 0.7125606381491993 0.8670045318406316 0.11382203121303427 0.14715536862836898
1 0.6215761503367527 0.7730446952014252 0.11616992722660277 0.14491961577246407
1 0.5920286098590283 0.6377822073856112 0.14004053834423075 0.13938901029033673
1 0.7445049902074257 0.6412445933433345 0.10331144435320502 0.10802145697506606
1 0.7965813433751608 0.7648828136434354 0.11125033463835485 0.13977573686888925
1 0.8720247563980241 0.8613558130767938 0.10129924918130338 0.12468028675404788
0 0.7897244363739853 0.31561572282111633 0.09403176057948724 0.12177216070637839
0 0.6308477945980772 0.3465048262003388 0.11136223491891045 0.14458342917658157
0 0.4652062105438037 0.34452177325778544 0.0916279144256411 0.12160406740843727
0 0.31314945624748963 0.3590882334539082 0.08900026771068384 0.11182058949511155
0 0.29973046703226514 0.246552967459327 0.09173981470619665 0.12641175971612958
0 0.4399358409801818 0.238357579235037 0.1015230497424146 0.1342956713694325
0 0.6232705703466348 0.22717825498907196 0.10599504120844035 0.1202087810422378
0 0.7681157861814103 0.21210751489912574 0.08682022211794906 0.12126788081255498
0 0.67363742941875 0.12270323062069989 0.09425556114059848 0.13138754532176297
0 0.5103717164481838 0.11968634789916456 0.10633074205010692 0.1346318579653148
0 0.358259012011592 0.13184896194144122 0.11851782324017097 0.14268386291655888
0 0.19295312879898516 0.14428898592196474 0.09917515372884626 0.13653142422533754