1 0.9179913585158107 0.6412285739319666 0.1353955990720796 0.09356999625287389
1 0.812686878272292 0.7309410452099142 0.125780214456695 0.09340215909010233
1 0.6892042652801981 0.7367077179113642 0.11291974653817669 0.08357697802125366
1 0.6726497642287738 0.5612479283259415 0.13206007177564089 0.11031300074841119
1 0.7933678451393864 0.5651595791759154 0.13779944522592574 0.09361195554356663
1 0.8842492484598281 0.47569886364212466 0.10718037308789154 0.10027802322609834
1 0.860437986950213 0.31360708542028054 0.14344837468290558 0.10331125874033703
1 0.7728468889295576 0.39939909278726277 0.14125483781638173 0.1056731456034903
1 0.6395985146817655 0.41737381306606125 0.13395285536153823 0.1319476161330267
1 0.6299547988112532 0.26586856643771434 0.10456621764672364 0.09783221778155937
1 0.7501776178498571 0.22284227835164894 0.1362368362213674 0.1031853808682585
1 0.8404428039586892 0.1538562144162434 0.12118283143632443 0.09572208666256304
0 0.2988108254913814 0.19581191683509266 0.12055190357435884 0.08851054820102458
0 0.3430547793086888 0.3575470410860477 0.1408342192417377 0.10086545329579799
0 0.355162273980056 0.5234543849921252 0.11772743884586873 0.08366089660263945
0 0.3842470683686597 0.6770278034487756 0.10790174494316222 0.081089213286022
0 0.27267853150213545 0.6813827566198383 0.1225351311535611 0.08374481518402523
0 0.2519619766553408 0.5409046141372632 0.1305879067643873 0.09348607767148824
0 0.22495085383924435 0.3559972770992271 0.11679575770327616 0.10044586038886977
0 0.1963918326689455 0.20843347402719206 0.11730682027122495 0.07885320429494715
0 0.11512581396388831 0.2977263523982114 0.1299569789024215 0.08627453920994978
0 0.12582107627101052 0.46125082979578913 0.13100852533903112 0.09829376997918055
0 0.15130010142884498 0.6148871871884788 0.13686776408333312 0.11039691932979696
0 0.17793582766695007 0.7817446984273224 0.1327814436309115 0.0911241908083347