1 0.6758358824147407 0.866387313144222 0.10447230104778964 0.13596951074765057
1 0.7452983687707623 0.7429116262458493 0.10145227304994774 0.1262000806712672
1 0.7315200718970937 0.6189290632507048 0.09106666112956838 0.11356466805804043
1 0.5574114127126089 0.6427705820200487 0.12114517866371398 0.13464398282079715
1 0.579911262046737 0.7624846118209972 0.10462634650878865 0.1383733569014967
1 0.5076902564954404 0.8725080766817178 0.10743144782349458 0.10743144782349444
1 0.34637105538518104 0.8851005919868256 0.11454982204617127 0.14379723105318476
1 0.4146782007837105 0.779653751242299 0.11679962273901842 0.14154743036033762
1 0.4112855158304213 0.6442681393219196 0.1403759478944832 0.13587634650878863
1 0.2612153181843979 0.6696501127012531 0.10487355620864942 0.10487355620864929
1 0.23855080909787688 0.7973316091660286 0.11408768566317438 0.1365856925916463
1 0.18714760950677 0.9026548450606248 0.10354802828179602 0.12154643382457363
0 0.13879812319334323 0.3576768151176992 0.09633648982025757 0.12108429744157675
0 0.3048175532697268 0.36590210577278104 0.1119919304313261 0.1412393394383396
0 0.4682629502229029 0.3389635362750957 0.0913747520515664 0.11837236036573273
0 0.624466368103472 0.33087062235568215 0.09075857020757037 0.10875697575034812
0 0.6098408211943092 0.22010921320669158 0.09168284297356412 0.12318005267342504
0 0.4690313351222416 0.23280919185336751 0.1041642101257919 0.13116181843995825
0 0.2833655815515228 0.2486689448561782 0.10804762966749039 0.1170468324388792
0 0.13572967067041422 0.2548971717352419 0.08656705974387398 0.1180642694437348
0 0.20981536326206057 0.15344121387398188 0.09679862620325444 0.12829583590311522
0 0.37085691406139054 0.12634859891529757 0.10897190243348422 0.13146990936195616
0 0.5248105312491125 0.11569779338103893 0.12145326958571172 0.13945167512848938
0 0.6919853022829882 0.10589423788227456 0.10160631851094674 0.12860392682511312