1 0.8280902873351661 0.16576956335961607 0.114886688973159 0.10834293722200862
1 0.835609935419071 0.32084561535283196 0.11989027973068016 0.11326252981025647
1 0.8500207419118214 0.49769615808135753 0.11871488903170675 0.08441637596410263
1 0.8695596207649572 0.6530519607759623 0.13392155975409908 0.1039828460365387
1 0.7586582274918989 0.7309231752666139 0.11910668593136446 0.09403176057948724
1 0.6394229698142282 0.7221440279382484 0.12121668441046733 0.08687617225822646
1 0.6245938340438701 0.5644962793703531 0.11910668593136446 0.09403176057948724
1 0.7459390902006439 0.5661198383774578 0.10988309821563783 0.10342334463376077
1 0.7321649536698374 0.4048942956489322 0.10527130435777438 0.10811913666089759
1 0.7179500456269158 0.23285144522809892 0.11228694436948398 0.10347929477403858
1 0.6006513302130264 0.24212911912371843 0.109295402866151 0.08900026771068384
1 0.6151376436961837 0.39136340615315224 0.11400514594892873 0.08670832183739317
0 0.32109090078837627 0.6306799441772438 0.109295402866151 0.08900026771068371
0 0.3207338165535525 0.4745698195279383 0.09006463363538177 0.08855266658846152
0 0.2975401938571903 0.31792816854599387 0.09977796747568081 0.0911803133034189
0 0.277658492716854 0.15415890431292759 0.10487950745811639 0.09850375204551291
0 0.16808759426702508 0.1468054806225963 0.11650694132768938 0.0891681181315172
0 0.09218889406210769 0.22909374137804495 0.11410309517384323 0.08911216799123939
0 0.19027519233629311 0.30822684884209417 0.13063617057602295 0.08229228051164537
0 0.10826892752184589 0.38797138809300225 0.11851899058187773 0.07960868365641033
0 0.21084253805103056 0.48882303615208345 0.1234246321144845 0.08212443009081209
0 0.10541203942555823 0.5536129721472757 0.12641617361781732 0.09660345715416682
0 0.21537064463160277 0.6294200610819446 0.12102078596063834 0.08206847995053415
0 0.10721591979959119 0.7157606872513356 0.1140051459489288 0.08670832183739317