1 0.8317706403462599 0.8294699801756688 0.12293386456591876 0.11848771992920139
1 0.823360193624946 0.6743519774135177 0.127797507013889 0.12091953641867711
1 0.8202609904738244 0.4976273296023811 0.1223184130228633 0.09204541223689369
1 0.8226958265149569 0.34137033701847375 0.13959293722200855 0.11137407764236656
1 0.704126072890705 0.27095954016619545 0.1249460597378204 0.1016747820200931
1 0.5859459603702989 0.28710119002019346 0.12477820931698738 0.09446324355855464
1 0.5870889184897966 0.44458108343274616 0.12494605973782068 0.1016747820200931
1 0.7087069498201385 0.4356719497920088 0.11549852554326935 0.10883037981037227
1 0.7109679058061426 0.5967646050192381 0.11080273351613265 0.11361010178243515
1 0.715380932314743 0.7686885531065898 0.11795832183739317 0.11124821113203336
1 0.5964185227694971 0.7667943642228343 0.11281492868803429 0.09679716387332686
1 0.5963096373060892 0.6165330018557275 0.11756667085544893 0.09442128805511028
0 0.27688186930213643 0.39589500420073 0.11281492868803429 0.09679716387332686
0 0.29250385448498883 0.5510549624663252 0.09347225917670944 0.09187759022311613
0 0.28523335106602504 0.7084859077915262 0.10560339022649583 0.09675520836988237
0 0.2826026895339202 0.8731563619138952 0.11057893295502143 0.1039947171670504
0 0.17412188683931548 0.8857481832083832 0.12002646714957275 0.09683911937677109
0 0.0905477777965271 0.809530555904804 0.11762262099572657 0.09682513420895643
0 0.1790724693148498 0.7246974834845983 0.13668553980566248 0.08972547708993626
0 0.08946076981730713 0.6496468163384053 0.12220651274230775 0.08723771992920139
0 0.18206680675876022 0.5444020293622293 0.12707015519027787 0.08966953641867711
0 0.06925489288787352 0.4848435031217957 0.13215759819935904 0.10171673752353746
0 0.17091681304193343 0.40369311835534055 0.12466630903643171 0.08965555125086219
0 0.056278059241719976 0.323673929471585 0.11255611848343995 0.09442128805511028