1 0.9085567258630033 0.3173817313508555 0.13299603869943127 0.13025730330801283
1 0.764546560130501 0.26706579772377204 0.1406000256459991 0.13523284603653857
1 0.6010848233028796 0.20425505713509667 0.11116519907230135 0.12734990589166675
1 0.4615634358924624 0.14320574102612219 0.13196576224318785 0.14702827624465822
1 0.3440205522062686 0.22596857303488277 0.1209768079302005 0.129977552606624
1 0.3057556347194106 0.34068178673616484 0.1139614937111768 0.1322135483396368
1 0.45028093868003466 0.39943915697184873 0.1209768079302005 0.12997755260662394
1 0.4958555067496884 0.2836918706144769 0.12759967366419508 0.1229338645659189
1 0.6428827689854161 0.3413032679135155 0.12980729557552642 0.12058596855235056
1 0.8016349256266024 0.4028001851447123 0.12779589790670962 0.12533771071976504
1 0.747033645669108 0.5111121324794344 0.11298037249860361 0.12019431757040604
1 0.6107255790044308 0.4549544338885689 0.11337282098363269 0.12500200987809834
0 0.2683499421663651 0.6661511649510687 0.11298037249860347 0.12019431757040604
0 0.4153526267802577 0.7093115102568915 0.10660288625079375 0.10085164805908146
0 0.5544815657056454 0.7751685186735582 0.11219547552854478 0.11057893295502143
0 0.7034221134889326 0.8388454814974899 0.12239953287147341 0.11801427197767111
0 0.6671440160490564 0.9401201912837075 0.11597289137999366 0.11975961743258495
0 0.561227716280981 0.9647586094215814 0.11263707925724417 0.07048278115683715
0 0.5231092726947189 0.8792043000332269 0.11234254452738941 0.1417729828147435
0 0.41513261838023957 0.9332888286166671 0.10635750676460905 0.1272380056111112
0 0.3602362085946415 0.8091820209830132 0.1115576475573307 0.13215759819935913
0 0.25721451395278194 0.8910786307565174 0.12396932681159069 0.13724504120844033
0 0.22885852398074896 0.7663853515889959 0.1089575771609698 0.1296978019052353
0 0.10329462724112294 0.8441446657990921 0.11337282098363276 0.12500200987809834