228 114
260 114
291 114
322 114
354 114
385 114
416 114
448 114
228 145
260 145
291 145
322 145
354 145
385 145
416 145
448 145
228 176
260 176
291 176
322 176
354 176
385 176
416 176
448 176
228 207
260 207
291 207
322 207
354 207
385 207
416 207
448 207
228 239
260 239
291 239
322 239
354 239
385 239
416 239
448 239
228 270
260 270
291 270
322 270
354 270
385 270
416 270
448 270
228 301
260 301
291 301
322 301
354 301
385 301
416 301
448 301
228 332
260 332
291 332
322 332
354 332
385 332
416 332
448 332
